367,5015,473,4989,5185,5245,5304,4417,4508,4546,4348,4365,4381,4421,4726,4740,4734,4190,4740,4792,3691,3725,3643,3637,3771,3678,2793,3590,3119,2497,377,41,15,2492,2892,2848,2541,2500,2679
367,5031,473,4968,5185,5245,5304,4417,4508,4546,4348,4365,4382,4421,4726,4741,4734,4190,4740,4793,3691,3725,3643,3638,3771,3679,2793,3591,3121,2497,378,41,15,2491,2893,2843,2535,2499,2682
367,5045,478,4948,5185,5245,5304,4417,4508,4545,4348,4365,4383,4421,4726,4741,4734,4191,4739,4794,3691,3725,3643,3638,3771,3678,2793,3591,3123,2497,377,41,15,2491,2894,2844,2546,2501,2681
367,5016,475,4928,5185,5245,5304,4417,4508,4544,4348,4365,4381,4421,4726,4740,4734,4191,4739,4795,3691,3725,3644,3639,3771,3677,2793,3589,3122,2496,379,41,15,2492,2894,2842,2542,2500,2679
367,4870,475,4879,5185,5245,5304,4417,4508,4546,4347,4365,4381,4421,4726,4740,4734,4191,4739,4795,3691,3726,3644,3639,3772,3677,2793,3588,3122,2496,380,41,15,2493,2895,2840,2539,2500,2681
367,4878,472,4873,5185,5245,5304,4417,4508,4545,4347,4365,4382,4421,4726,4739,4734,4192,4739,4795,3691,3726,3644,3639,3772,3677,2793,3587,3120,2495,380,41,15,2491,2895,2836,2535,2498,2680
367,4919,473,4867,5185,5245,5304,4417,4508,4544,4347,4365,4383,4421,4726,4740,4733,4192,4739,4794,3691,3726,3644,3640,3772,3678,2793,3587,3121,2495,379,41,15,2490,2896,2835,2529,2497,2679
367,4913,475,4861,5185,5245,5303,4417,4508,4546,4347,4365,4383,4422,4726,4741,4733,4192,4741,4793,3692,3727,3645,3640,3772,3678,2795,3586,3122,2494,378,41,15,2490,2896,2835,2532,2498,2679
367,4877,472,4855,5185,5245,5303,4417,4508,4546,4347,4365,4383,4422,4726,4740,4733,4193,4739,4792,3692,3727,3645,3638,3772,3677,2795,3586,3122,2494,378,41,15,2490,2897,2836,2529,2497,2680
367,4835,469,4855,5185,5244,5303,4417,4508,4545,4347,4365,4383,4422,4726,4739,4736,4193,4739,4792,3690,3728,3646,3638,3773,3676,2795,3586,3123,2494,379,41,15,2490,2897,2833,2534,2498,2682
367,4792,470,4799,5185,5244,5303,4417,4508,4545,4348,4365,4383,4422,4726,4739,4735,4193,4741,4791,3692,3728,3647,3640,3773,3679,2796,3587,3122,2493,380,41,15,2490,2898,2831,2526,2497,2683
367,4754,472,4753,5185,5244,5303,4417,4508,4546,4349,4365,4382,4422,4726,4739,4735,4194,4740,4790,3692,3728,3646,3640,3773,3680,2796,3587,3121,2493,380,41,15,2490,2898,2831,2544,2499,2684
367,4721,468,4716,5185,5244,5303,4417,4508,4544,4349,4365,4382,4420,4726,4739,4734,4189,4740,4789,3693,3728,3647,3640,3774,3680,2797,3587,3119,2492,379,41,15,2489,2899,2830,2538,2501,2684
367,4700,470,4695,5184,5244,5303,4417,4508,4545,4348,4365,4382,4420,4726,4740,4736,4188,4738,4788,3693,3728,3646,3640,3774,3681,2797,3588,3118,2492,380,41,15,2489,2900,2830,2537,2499,2682
367,4681,463,4682,5184,5244,5303,4417,4509,4546,4348,4365,4382,4420,4726,4739,4733,4188,4736,4788,3694,3728,3647,3640,3774,3681,2798,3588,3117,2492,380,41,15,2489,2900,2829,2540,2496,2683
367,4672,462,4670,5184,5244,5303,4417,4508,4544,4347,4365,4382,4422,4726,4741,4734,4188,4738,4787,3694,3728,3648,3640,3774,3680,2798,3588,3115,2491,380,41,15,2489,2901,2829,2544,2499,2682
367,4662,461,4666,5184,5244,5303,4417,4508,4545,4347,4365,4382,4422,4726,4740,4735,4188,4741,4787,3692,3728,3648,3640,3774,3679,2799,3588,3116,2502,378,41,15,2489,2901,2831,2542,2500,2685
367,4660,464,4665,5184,5243,5302,4417,4509,4546,4347,4365,4382,4422,4726,4739,4736,4187,4738,4787,3692,3728,3647,3640,3774,3680,2800,3587,3117,2503,379,41,15,2489,2902,2832,2535,2499,2684
367,4661,464,4663,5184,5243,5302,4417,4510,4546,4348,4365,4381,4421,4726,4740,4735,4187,4738,4787,3693,3728,3647,3640,3774,3681,2799,3587,3117,2503,379,41,15,2488,2902,2834,2536,2501,2686
367,4668,461,4662,5184,5243,5302,4417,4508,4545,4348,4365,4381,4421,4726,4739,4733,4187,4737,4787,3694,3728,3647,3640,3774,3679,2799,3587,3116,2504,379,41,15,2488,2903,2835,2539,2504,2685
367,4680,456,4661,5184,5243,5303,4417,4509,4546,4349,4365,4381,4421,4726,4740,4733,4187,4737,4786,3694,3728,3647,3640,3774,3680,2801,3586,3117,2504,379,41,15,2490,2903,2836,2542,2506,2687
367,4683,468,4660,5184,5243,5304,4417,4509,4545,4349,4364,4381,4421,4726,4740,4733,4187,4736,4786,3694,3728,3647,3640,3774,3681,2801,3586,3114,2505,379,41,15,2490,2902,2835,2544,2505,2688
367,4693,461,4659,5184,5243,5305,4417,4508,4545,4349,4364,4381,4420,4726,4739,4733,4186,4737,4786,3694,3728,3647,3640,3774,3680,2802,3586,3113,2506,379,41,15,2488,2904,2834,2539,2503,2689
367,4702,463,4658,5184,5243,5305,4417,4509,4545,4348,4364,4381,4420,4726,4739,4733,4188,4738,4786,3694,3728,3647,3640,3774,3680,2802,3588,3115,2506,379,41,15,2488,2905,2831,2539,2503,2690
367,4713,464,4656,5184,5243,5303,4417,4509,4544,4348,4364,4381,4420,4726,4740,4733,4187,4738,4786,3694,3728,3647,3640,3774,3679,2802,3588,3115,2507,378,41,15,2490,2905,2829,2544,2505,2691
367,4723,465,4655,5184,5242,5305,4417,4510,4545,4347,4364,4381,4420,4726,4740,4733,4188,4738,4785,3693,3728,3647,3640,3774,3681,2803,3589,3114,2507,379,41,15,2489,2905,2829,2538,2506,2691
367,4723,461,4658,5184,5244,5303,4417,4510,4546,4347,4364,4381,4420,4726,4741,4732,4187,4738,4785,3693,3728,3647,3640,3774,3680,2803,3589,3114,2508,378,41,15,2490,2904,2830,2544,2507,2693
367,4751,461,4665,5183,5245,5302,4417,4508,4546,4347,4364,4382,4419,4726,4741,4732,4188,4737,4786,3693,3728,3647,3640,3774,3681,2804,3589,3113,2509,378,41,15,2490,2905,2831,2536,2507,2694
367,4895,461,4790,5183,5244,5303,4417,4509,4545,4347,4363,4382,4419,4726,4741,4732,4188,4737,4787,3693,3728,3647,3640,3774,3680,2804,3589,3113,2509,376,41,15,2488,2906,2836,2537,2506,2693
367,4922,465,4824,5183,5243,5304,4417,4508,4546,4347,4363,4382,4419,4726,4740,4732,4188,4737,4786,3693,3728,3646,3640,3774,3679,2804,3589,3115,2510,378,41,15,2489,2906,2838,2540,2510,2694
367,4941,467,4858,5183,5245,5304,4417,4508,4545,4347,4363,4382,4419,4726,4739,4732,4187,4737,4787,3693,3728,3646,3640,3774,3681,2805,3589,3113,2510,376,41,15,2489,2905,2835,2542,2510,2692
367,4965,462,4875,5183,5245,5302,4417,4508,4546,4347,4363,4383,4419,4726,4739,4732,4186,4736,4786,3692,3728,3646,3640,3774,3681,2805,3590,3113,2511,377,41,15,2489,2904,2833,2545,2511,2692
367,4980,465,4883,5183,5245,5303,4417,4508,4544,4347,4363,4383,4419,4726,4741,4732,4185,4736,4786,3692,3728,3646,3640,3774,3681,2806,3590,3114,2512,376,41,15,2489,2903,2831,2551,2510,2693
367,4983,469,4889,5183,5244,5304,4417,4508,4544,4347,4363,4383,4419,4726,4740,4731,4184,4735,4787,3692,3728,3646,3640,3774,3680,2806,3590,3114,2512,378,41,15,2489,2902,2832,2546,2508,2694
367,4987,467,4894,5183,5244,5304,4417,4508,4545,4347,4363,4383,4419,4726,4740,4731,4184,4734,4787,3692,3728,3646,3640,3774,3680,2807,3590,3115,2513,378,41,15,2490,2901,2835,2544,2511,2692
367,4993,466,4900,5183,5244,5305,4417,4508,4546,4347,4364,4382,4419,4726,4739,4731,4183,4734,4786,3692,3728,3646,3640,3774,3679,2807,3590,3115,2505,377,41,15,2490,2901,2836,2543,2511,2694
367,5000,470,4905,5183,5244,5303,4417,4508,4546,4347,4363,4382,4419,4726,4739,4731,4183,4734,4785,3692,3728,3646,3640,3774,3681,2808,3590,3116,2506,377,41,15,2490,2902,2836,2541,2511,2692
367,5005,471,4909,5183,5243,5304,4417,4508,4546,4347,4363,4381,4419,4726,4739,4731,4183,4734,4785,3694,3728,3646,3640,3774,3681,2806,3591,3117,2512,377,41,15,2490,2903,2835,2540,2513,2693
367,4990,473,4912,5183,5243,5303,4417,4508,4545,4347,4365,4381,4419,4726,4740,4731,4183,4735,4784,3692,3728,3646,3640,3774,3681,2807,3591,3117,2505,378,41,15,2491,2903,2834,2538,2512,2694
367,4960,468,4915,5184,5243,5304,4417,4508,4546,4347,4365,4383,4419,4726,4740,4733,4183,4735,4783,3692,3728,3646,3640,3774,3681,2808,3589,3118,2512,377,41,15,2492,2902,2837,2537,2512,2693
367,4939,471,4919,5184,5243,5305,4417,4508,4545,4347,4364,4383,4419,4726,4741,4732,4183,4736,4783,3693,3728,3645,3640,3774,3680,2807,3589,3119,2506,377,41,15,2494,2902,2839,2535,2513,2694
367,4924,469,4922,5185,5242,5304,4417,4508,4544,4347,4364,4383,4419,4726,4740,4731,4182,4736,4784,3694,3728,3645,3640,3774,3679,2807,3591,3119,2511,378,41,15,2494,2902,2843,2543,2513,2692
367,4964,469,4925,5184,5242,5303,4417,4508,4545,4347,4364,4382,4419,4726,4740,4733,4182,4735,4785,3694,3728,3645,3640,3774,3681,2806,3592,3120,2511,377,41,15,2495,2902,2845,2537,2513,2693
367,5003,470,4928,5183,5242,5302,4417,4508,4546,4347,4363,4382,4419,4726,4739,4732,4182,4734,4783,3693,3728,3645,3640,3774,3679,2807,3593,3120,2502,377,41,15,2495,2901,2847,2537,2512,2693
367,5015,473,4932,5183,5242,5303,4417,4508,4546,4347,4363,4382,4419,4726,4741,4731,4182,4733,4784,3692,3728,3645,3640,3774,3680,2805,3593,3119,2506,377,41,15,2496,2901,2842,2541,2512,2694
367,5027,472,4935,5183,5242,5305,4417,4508,4545,4347,4363,4382,4419,4726,4739,4733,4182,4735,4786,3693,3728,3646,3640,3774,3680,2804,3591,3121,2503,376,41,15,2496,2900,2836,2545,2512,2692
367,5019,470,4942,5184,5242,5303,4417,4508,4544,4347,4365,4381,4419,4726,4739,4732,4182,4735,4788,3694,3728,3647,3640,3774,3679,2803,3592,3122,2510,376,41,15,2497,2900,2836,2538,2513,2693
367,4946,471,4912,5185,5242,5303,4417,4508,4544,4347,4363,4381,4419,4726,4740,4732,4181,4734,4789,3693,3728,3646,3640,3774,3680,2805,3593,3124,2506,378,41,15,2498,2900,2835,2543,2513,2694
367,4952,472,4910,5183,5242,5303,4417,4508,4544,4347,4363,4381,4419,4726,4739,4733,4181,4735,4791,3692,3728,3645,3640,3774,3679,2805,3595,3124,2512,377,41,15,2499,2900,2834,2538,2510,2694
367,5019,470,4928,5183,5242,5304,4417,4508,4545,4347,4364,4381,4419,4726,4741,4733,4181,4734,4793,3693,3728,3646,3640,3774,3679,2804,3594,3125,2506,378,41,15,2498,2899,2834,2542,2509,2691
367,5004,476,4934,5183,5242,5304,4417,4508,4545,4347,4365,4382,4419,4726,4740,4732,4182,4735,4794,3694,3728,3647,3640,3774,3680,2804,3594,3125,2503,377,41,15,2498,2899,2833,2542,2514,2692
367,4971,470,4933,5183,5242,5305,4417,4508,4545,4347,4365,4383,4419,4726,4739,4731,4183,4736,4795,3694,3728,3648,3640,3774,3680,2803,3595,3123,2507,378,41,15,2498,2899,2832,2541,2512,2694
367,4938,474,4931,5183,5242,5303,4417,4508,4545,4347,4364,4383,4419,4726,4739,4732,4181,4735,4793,3692,3728,3647,3640,3774,3681,2804,3595,3122,2512,377,41,15,2498,2899,2832,2535,2513,2692
367,4921,473,4921,5183,5242,5303,4416,4508,4545,4347,4364,4383,4419,4726,4739,4732,4181,4734,4791,3693,3728,3647,3640,3774,3680,2805,3596,3120,2505,377,41,15,2498,2898,2829,2540,2512,2694
367,4898,475,4884,5184,5242,5304,4416,4508,4546,4347,4364,4382,4419,4726,4739,4733,4180,4734,4788,3694,3728,3646,3640,3774,3681,2805,3595,3119,2511,379,41,15,2498,2900,2824,2545,2510,2687
367,4921,477,4883,5184,5242,5303,4416,4508,4546,4347,4364,4382,4419,4726,4740,4732,4180,4734,4786,3693,3728,3646,3640,3774,3681,2805,3594,3118,2507,378,41,15,2498,2900,2825,2541,2511,2690
367,4985,475,4886,5184,5242,5303,4416,4508,4546,4347,4364,4382,4419,4726,4740,4732,4180,4733,4784,3694,3728,3645,3640,3774,3679,2805,3593,3118,2503,378,41,15,2498,2898,2827,2535,2510,2690
367,4975,471,4922,5184,5242,5304,4415,4508,4546,4347,4363,4382,4419,4726,4740,4731,4179,4736,4782,3692,3728,3648,3640,3774,3680,2804,3591,3118,2510,377,41,15,2498,2900,2830,2538,2510,2687
367,4944,473,4882,5184,5242,5304,4415,4508,4546,4347,4363,4382,4419,4726,4740,4733,4179,4736,4781,3692,3728,3648,3640,3774,3681,2804,3592,3119,2510,378,41,15,2498,2900,2835,2545,2509,2690
367,4823,477,4812,5184,5242,5305,4415,4508,4547,4347,4363,4381,4419,4726,4741,4731,4179,4736,4780,3693,3728,3648,3640,3774,3680,2804,3593,3119,2506,378,41,15,2498,2899,2836,2535,2509,2689
367,4865,476,4809,5185,5242,5304,4415,4508,4546,4347,4363,4381,4419,4726,4741,4729,4179,4735,4782,3694,3728,3647,3640,3774,3679,2803,3595,3119,2510,379,41,15,2497,2901,2832,2533,2509,2688
367,4885,476,4818,5185,5242,5304,4414,4508,4544,4347,4362,4381,4419,4726,4741,4730,4180,4735,4781,3692,3728,3647,3640,3774,3679,2803,3596,3119,2504,378,41,15,2497,2901,2830,2531,2510,2687
367,4879,469,4827,5185,5242,5303,4415,4508,4544,4347,4362,4381,4419,4726,4740,4728,4179,4735,4782,3692,3728,3647,3640,3774,3680,2805,3597,3119,2508,379,41,15,2497,2902,2829,2530,2510,2688
367,4891,475,4836,5185,5242,5302,4416,4508,4545,4347,4362,4381,4419,4726,4739,4730,4180,4735,4782,3692,3728,3647,3640,3774,3680,2803,3598,3120,2512,379,41,15,2497,2902,2830,2528,2510,2692
367,4930,472,4843,5185,5242,5304,4416,4508,4545,4347,4362,4382,4419,4726,4741,4729,4178,4735,4780,3692,3728,3647,3640,3774,3680,2804,3598,3120,2503,378,41,15,2497,2902,2831,2526,2507,2690
367,4867,472,4833,5185,5242,5302,4417,4508,4545,4347,4362,4383,4419,4726,4741,4730,4179,4735,4780,3693,3728,3647,3640,3774,3681,2805,3597,3120,2512,379,41,15,2497,2902,2829,2524,2510,2691
367,4816,471,4812,5184,5242,5303,4417,4508,4546,4347,4361,4381,4419,4726,4740,4730,4179,4735,4782,3693,3728,3647,3640,3774,3680,2806,3596,3120,2509,380,41,15,2497,2903,2831,2538,2511,2690
367,4781,469,4778,5185,5242,5304,4417,4508,4546,4347,4361,4380,4419,4726,4740,4728,4179,4735,4781,3693,3728,3647,3640,3774,3679,2807,3595,3123,2507,379,41,15,2497,2903,2832,2542,2510,2690
367,4773,472,4768,5184,5242,5304,4417,4508,4547,4347,4361,4379,4419,4726,4740,4728,4179,4734,4781,3693,3728,3647,3640,3774,3681,2808,3594,3121,2504,379,41,15,2497,2903,2835,2541,2509,2692
367,4771,474,4763,5183,5242,5303,4417,4508,4543,4347,4361,4379,4419,4726,4739,4728,4179,4734,4781,3693,3728,3647,3640,3774,3679,2805,3593,3120,2508,379,41,15,2497,2903,2835,2537,2511,2688
367,4779,469,4762,5184,5242,5303,4417,4508,4543,4347,4360,4378,4419,4726,4739,4728,4179,4734,4782,3694,3728,3647,3640,3774,3680,2804,3591,3119,2504,379,41,15,2497,2901,2832,2541,2510,2691
367,4790,469,4760,5183,5242,5303,4417,4508,4542,4347,4360,4380,4419,4726,4739,4728,4179,4734,4781,3694,3728,3647,3640,3774,3680,2804,3591,3118,2512,378,41,15,2497,2903,2832,2545,2509,2691
367,4801,471,4759,5184,5242,5303,4416,4507,4543,4347,4360,4380,4419,4726,4739,4727,4180,4734,4782,3694,3728,3647,3640,3774,3681,2803,3592,3117,2509,377,41,15,2496,2902,2832,2543,2511,2687
367,4807,471,4763,5183,5242,5304,4416,4507,4544,4347,4360,4378,4419,4726,4741,4727,4180,4734,4780,3694,3728,3647,3640,3774,3679,2805,3594,3117,2506,379,41,15,2496,2902,2833,2541,2513,2691
367,4811,471,4772,5183,5242,5304,4416,4507,4544,4347,4362,4380,4419,4726,4740,4727,4180,4734,4782,3694,3728,3647,3640,3774,3681,2803,3595,3116,2503,378,41,15,2496,2903,2834,2537,2510,2690
367,4813,471,4780,5183,5242,5305,4416,4507,4544,4347,4360,4379,4419,4726,4740,4727,4180,4734,4782,3694,3728,3647,3640,3774,3679,2804,3596,3116,2513,378,41,15,2496,2903,2835,2540,2509,2691
367,4817,474,4788,5183,5242,5303,4416,4507,4544,4347,4361,4381,4419,4726,4739,4727,4180,4733,4782,3694,3728,3647,3640,3774,3680,2803,3595,3115,2516,379,41,15,2496,2903,2838,2538,2511,2690
367,4823,469,4797,5183,5242,5303,4416,4507,4543,4347,4361,4381,4419,4726,4741,4727,4180,4734,4781,3693,3728,3646,3640,3774,3681,2803,3594,3114,2519,376,41,15,2496,2902,2841,2538,2509,2691
367,4939,470,4855,5183,5242,5305,4416,4507,4543,4347,4362,4382,4419,4726,4739,4726,4180,4734,4782,3693,3728,3646,3640,3774,3680,2803,3593,3112,2521,377,41,15,2496,2902,2839,2542,2507,2691
367,4955,474,4869,5183,5242,5304,4416,4507,4543,4347,4362,4382,4419,4726,4740,4726,4180,4735,4781,3693,3728,3646,3640,3774,3679,2803,3593,3110,2524,377,41,15,2496,2901,2836,2535,2506,2692
367,4971,473,4886,5183,5242,5303,4416,4507,4543,4347,4362,4383,4419,4726,4740,4726,4181,4736,4780,3693,3728,3646,3640,3774,3681,2803,3593,3108,2522,378,41,15,2495,2903,2833,2539,2509,2691
367,4982,474,4895,5183,5242,5304,4416,4507,4543,4347,4362,4383,4419,4726,4741,4726,4181,4735,4782,3692,3728,3646,3640,3774,3680,2804,3592,3106,2519,378,41,15,2495,2903,2829,2543,2510,2690
367,4981,470,4903,5183,5242,5303,4416,4507,4543,4347,4362,4383,4419,4726,4741,4726,4181,4735,4781,3692,3728,3646,3640,3774,3679,2804,3592,3107,2517,378,41,15,2494,2903,2829,2546,2511,2690
367,4988,472,4911,5183,5242,5303,4416,4507,4543,4347,4362,4382,4419,4726,4739,4726,4181,4734,4780,3692,3728,3646,3640,3774,3680,2804,3592,3106,2515,378,41,15,2493,2903,2830,2545,2510,2691
367,4996,471,4920,5183,5242,5304,4416,4507,4543,4346,4362,4382,4419,4726,4741,4727,4179,4734,4782,3692,3728,3646,3640,3774,3681,2804,3591,3105,2512,377,41,15,2496,2902,2831,2544,2509,2691
367,5000,474,4928,5183,5242,5303,4416,4507,4543,4346,4361,4381,4419,4726,4740,4727,4179,4735,4780,3692,3728,3646,3640,3774,3681,2804,3591,3106,2510,376,41,15,2493,2902,2834,2543,2508,2690
367,4999,476,4933,5183,5242,5302,4416,4507,4543,4346,4361,4383,4419,4726,4740,4726,4180,4736,4782,3693,3728,3646,3640,3774,3680,2804,3591,3105,2508,376,41,15,2494,2902,2836,2543,2508,2689
367,4980,477,4931,5183,5242,5302,4416,4507,4542,4345,4361,4382,4419,4726,4739,4728,4180,4735,4781,3694,3728,3646,3640,3774,3681,2804,3589,3104,2506,377,41,15,2494,2901,2840,2542,2509,2687
367,4947,475,4934,5183,5242,5302,4416,4507,4542,4345,4361,4382,4419,4726,4741,4726,4181,4733,4781,3693,3728,3646,3640,3774,3679,2804,3588,3103,2503,377,41,15,2494,2901,2846,2541,2510,2694
367,4913,471,4927,5183,5242,5303,4415,4507,4542,4345,4361,4380,4419,4726,4741,4726,4180,4736,4782,3693,3728,3646,3640,3774,3681,2804,3589,3102,2506,376,41,15,2494,2901,2845,2540,2511,2691
367,4919,474,4916,5183,5242,5303,4415,4506,4542,4345,4360,4380,4419,4726,4740,4726,4180,4735,4781,3693,3728,3646,3640,3773,3679,2804,3591,3101,2504,378,41,15,2495,2902,2842,2539,2507,2690
367,4991,476,4915,5183,5242,5303,4415,4506,4542,4345,4360,4380,4419,4726,4740,4726,4180,4734,4783,3693,3728,3646,3640,3773,3681,2805,3591,3100,2509,378,41,15,2495,2902,2841,2538,2508,2692
367,4997,474,4913,5183,5242,5303,4415,4506,4542,4347,4360,4380,4419,4726,4739,4727,4181,4734,4781,3693,3728,3646,3640,3773,3680,2805,3592,3100,2504,378,41,15,2495,2903,2840,2538,2507,2692
367,5003,477,4912,5183,5242,5303,4415,4506,4542,4346,4360,4379,4418,4726,4739,4728,4179,4734,4782,3692,3728,3646,3640,3773,3679,2805,3593,3101,2515,377,41,15,2495,2902,2841,2537,2507,2694
367,5012,470,4910,5183,5242,5303,4415,4506,4542,4346,4362,4379,4418,4726,4740,4726,4180,4736,4782,3694,3728,3645,3640,3773,3681,2805,3594,3102,2520,377,41,15,2496,2903,2846,2536,2511,2692
367,5013,471,4908,5183,5242,5303,4415,4506,4542,4345,4360,4378,4418,4726,4739,4727,4180,4734,4782,3693,3728,3645,3640,3773,3681,2805,3595,3103,2524,378,41,15,2496,2901,2848,2535,2511,2693
367,4974,472,4907,5183,5242,5303,4415,4506,4542,4345,4360,4378,4418,4726,4740,4726,4179,4734,4781,3692,3728,3645,3640,3773,3680,2805,3595,3104,2517,377,41,15,2494,2903,2848,2545,2510,2694
367,4926,474,4905,5183,5242,5303,4415,4506,4541,4345,4360,4379,4418,4726,4741,4727,4180,4736,4782,3693,3728,3645,3640,3773,3679,2805,3596,3105,2512,377,41,15,2496,2901,2846,2541,2509,2694
367,4973,472,4904,5183,5242,5303,4415,4506,4541,4346,4361,4381,4418,4726,4739,4727,4181,4734,4782,3692,3728,3645,3640,3773,3681,2805,3596,3108,2507,377,41,15,2497,2903,2841,2541,2511,2692
367,4996,475,4902,5183,5242,5303,4415,4506,4542,4347,4361,4379,4418,4726,4740,4727,4180,4735,4780,3694,3728,3645,3640,3773,3680,2803,3597,3110,2503,377,41,15,2497,2903,2840,2536,2510,2691
367,4995,477,4901,5183,5242,5304,4415,4506,4544,4346,4361,4378,4418,4726,4740,4728,4178,4735,4781,3693,3728,3645,3640,3773,3679,2804,3597,3110,2514,378,41,15,2498,2902,2842,2544,2511,2693
367,4960,473,4899,5183,5242,5304,4415,4506,4543,4345,4361,4380,4418,4726,4741,4727,4180,4734,4782,3693,3728,3647,3640,3773,3681,2803,3597,3108,2516,378,41,15,2498,2902,2844,2535,2506,2693
367,4931,474,4898,5183,5242,5304,4415,4506,4542,4344,4361,4379,4418,4726,4740,4727,4179,4734,4780,3692,3728,3646,3640,3773,3679,2803,3597,3109,2517,377,41,15,2499,2901,2841,2532,2509,2693
367,4914,471,4896,5183,5242,5304,4415,4506,4541,4345,4362,4378,4418,4726,4740,4727,4179,4735,4783,3692,3728,3646,3640,3773,3681,2804,3598,3110,2519,378,41,15,2499,2901,2841,2534,2511,2694
367,4900,470,4895,5183,5242,5304,4415,4506,4543,4346,4362,4381,4418,4726,4740,4726,4180,4735,4782,3694,3728,3645,3640,3773,3679,2804,3598,3111,2520,377,41,15,2499,2902,2839,2528,2508,2693
367,4896,474,4893,5183,5242,5304,4415,4506,4544,4347,4362,4381,4418,4726,4739,4726,4180,4736,4782,3692,3728,3646,3640,3773,3679,2804,3598,3111,2522,377,41,15,2499,2903,2836,2529,2507,2694
367,4875,476,4872,5183,5242,5304,4415,4506,4543,4347,4362,4382,4418,4726,4741,4727,4180,4734,4782,3692,3728,3646,3640,3773,3680,2804,3598,3111,2524,379,41,15,2500,2901,2835,2531,2507,2693
367,4840,476,4834,5183,5242,5304,4414,4506,4543,4347,4362,4383,4418,4726,4739,4725,4178,4734,4782,3694,3728,3646,3640,3773,3680,2805,3598,3112,2515,378,41,15,2500,2902,2838,2525,2508,2693
367,4811,470,4809,5183,5242,5304,4414,4505,4542,4347,4361,4380,4417,4726,4739,4725,4180,4735,4781,3693,3728,3647,3640,3773,3681,2805,3600,3112,2518,380,41,15,2500,2902,2841,2528,2508,2694
367,4777,474,4785,5183,5242,5304,4414,4505,4542,4347,4362,4380,4417,4726,4740,4725,4181,4736,4781,3692,3728,3647,3640,3773,3679,2805,3599,3112,2522,379,41,15,2500,2903,2840,2532,2508,2693
367,4760,468,4762,5183,5242,5304,4416,4505,4542,4346,4362,4380,4417,4726,4740,4725,4181,4734,4781,3693,3728,3647,3640,3773,3679,2805,3599,3113,2521,378,41,15,2500,2904,2840,2532,2507,2692
367,4751,473,4747,5183,5242,5304,4416,4505,4544,4346,4362,4379,4417,4726,4741,4725,4182,4735,4781,3693,3728,3648,3640,3773,3680,2803,3599,3113,2517,380,41,15,2501,2904,2839,2525,2508,2694
367,4738,470,4737,5183,5242,5305,4414,4505,4544,4346,4361,4379,4417,4726,4741,4725,4182,4735,4780,3694,3728,3647,3640,3773,3680,2803,3599,3115,2519,379,41,15,2501,2904,2836,2527,2510,2692
367,4727,465,4732,5183,5242,5305,4414,4505,4542,4346,4361,4378,4417,4726,4738,4725,4182,4735,4780,3692,3728,3647,3640,3773,3680,2804,3599,3116,2514,379,41,15,2501,2905,2835,2529,2508,2693
367,4718,469,4727,5183,5242,5305,4414,4505,4542,4346,4361,4378,4417,4726,4738,4725,4183,4735,4783,3693,3728,3646,3640,3773,3681,2804,3599,3118,2517,379,41,15,2499,2905,2836,2531,2506,2693
367,4716,469,4722,5183,5242,5305,4415,4505,4543,4346,4360,4378,4417,4726,4737,4725,4183,4733,4782,3694,3728,3646,3640,3772,3681,2804,3599,3117,2519,379,41,15,2500,2906,2836,2533,2505,2694
367,4706,470,4717,5183,5242,5303,4415,4506,4543,4346,4360,4379,4417,4725,4737,4724,4183,4734,4782,3692,3728,3645,3640,3772,3681,2804,3599,3117,2521,380,41,15,2501,2904,2835,2529,2504,2692
367,4703,473,4712,5183,5242,5303,4415,4507,4542,4346,4360,4379,4419,4725,4736,4724,4183,4734,4782,3692,3728,3647,3640,3772,3680,2805,3600,3117,2523,379,41,15,2499,2905,2834,2525,2507,2691
367,4703,467,4708,5183,5242,5303,4415,4506,4543,4346,4361,4379,4419,4725,4737,4724,4183,4734,4781,3692,3728,3646,3640,3772,3679,2805,3600,3117,2516,379,41,15,2499,2906,2830,2532,2508,2690
367,4701,471,4706,5183,5242,5304,4415,4505,4543,4346,4361,4380,4417,4724,4736,4724,4184,4734,4781,3691,3728,3645,3640,3772,3679,2805,3600,3116,2522,378,41,15,2499,2905,2829,2532,2507,2692
367,4698,465,4704,5183,5242,5304,4415,4507,4543,4346,4362,4380,4417,4724,4737,4724,4184,4735,4781,3691,3728,3646,3640,3772,3681,2805,3600,3116,2516,379,41,15,2500,2905,2829,2532,2508,2695
367,4699,469,4703,5183,5242,5303,4415,4506,4542,4346,4361,4380,4417,4724,4738,4724,4184,4735,4780,3691,3728,3647,3640,3772,3679,2805,3600,3116,2515,378,41,15,2500,2906,2830,2527,2506,2697
367,4707,465,4686,5183,5242,5304,4415,4505,4544,4346,4362,4379,4417,4723,4737,4724,4184,4735,4780,3691,3728,3645,3640,3772,3680,2804,3600,3116,2518,379,41,15,2500,2907,2830,2524,2508,2692
367,4717,468,4686,5183,5242,5302,4415,4507,4542,4345,4360,4378,4417,4723,4737,4724,4184,4735,4783,3691,3728,3647,3640,3772,3681,2803,3600,3115,2521,378,41,15,2501,2908,2831,2532,2510,2694
367,4725,467,4687,5183,5242,5304,4415,4505,4542,4345,4360,4379,4417,4725,4737,4724,4184,4736,4784,3690,3727,3646,3640,3772,3679,2804,3601,3116,2524,379,41,15,2501,2907,2831,2530,2510,2692
367,4730,461,4688,5183,5242,5302,4415,4506,4542,4345,4360,4380,4417,4724,4738,4723,4184,4736,4785,3690,3727,3647,3640,3772,3679,2804,3601,3117,2521,379,41,15,2499,2908,2834,2527,2507,2693
367,4733,466,4689,5183,5242,5303,4415,4506,4543,4345,4360,4378,4417,4724,4737,4723,4184,4736,4783,3690,3727,3645,3640,3772,3678,2804,3601,3117,2516,378,41,15,2501,2909,2836,2527,2508,2693
367,4738,465,4690,5183,5242,5304,4415,4506,4544,4345,4360,4379,4417,4723,4737,4723,4184,4736,4784,3690,3727,3645,3640,3772,3678,2806,3601,3117,2521,378,41,15,2501,2909,2838,2529,2511,2693
367,4738,467,4691,5183,5242,5304,4415,4507,4542,4345,4360,4380,4418,4723,4738,4723,4184,4736,4783,3689,3726,3645,3639,3772,3678,2807,3601,3116,2518,379,41,15,2499,2909,2839,2533,2511,2697
367,4733,467,4692,5183,5242,5302,4415,4506,4543,4345,4360,4383,4418,4724,4736,4723,4184,4735,4784,3689,3726,3645,3639,3772,3678,2805,3599,3117,2520,379,41,15,2499,2909,2838,2538,2512,2696
367,4739,467,4693,5183,5242,5302,4415,4507,4542,4345,4360,4379,4418,4724,4738,4725,4184,4735,4785,3690,3726,3644,3639,3772,3678,2806,3601,3117,2514,379,41,15,2499,2909,2837,2536,2513,2698
367,4734,471,4694,5183,5242,5302,4416,4507,4542,4345,4360,4379,4418,4725,4737,4725,4184,4735,4783,3691,3726,3644,3638,3774,3677,2806,3602,3117,2516,380,41,15,2501,2909,2834,2536,2513,2699
367,4739,465,4695,5183,5242,5302,4416,4506,4542,4345,4360,4380,4418,4725,4738,4724,4184,4735,4785,3689,3725,3644,3638,3773,3677,2806,3602,3117,2519,378,41,15,2501,2909,2835,2539,2513,2696
367,4740,465,4695,5183,5242,5302,4416,4506,4543,4345,4360,4381,4418,4723,4736,4725,4184,4735,4784,3692,3725,3644,3638,3774,3677,2807,3602,3116,2521,378,41,15,2502,2909,2836,2542,2512,2696
367,4741,467,4696,5183,5242,5302,4416,4507,4543,4345,4360,4382,4418,4724,4737,4725,4184,4735,4783,3689,3725,3644,3640,3772,3677,2807,3602,3116,2524,377,41,15,2502,2909,2836,2545,2509,2697
367,4840,468,4708,5183,5242,5303,4416,4507,4543,4345,4361,4383,4418,4724,4738,4724,4184,4735,4785,3689,3725,3644,3639,3771,3677,2807,3603,3115,2515,376,41,15,2502,2910,2838,2547,2511,2699
367,4886,466,4784,5183,5242,5303,4416,4505,4544,4344,4361,4380,4418,4725,4736,4723,4184,4735,4785,3689,3724,3644,3638,3771,3677,2808,3603,3116,2518,377,41,15,2502,2910,2841,2548,2510,2698
367,4901,466,4801,5183,5242,5303,4416,4505,4543,4344,4361,4380,4418,4725,4736,4725,4184,4735,4784,3689,3724,3643,3637,3771,3676,2806,3603,3116,2520,377,41,15,2503,2910,2843,2550,2511,2697
367,4928,466,4830,5183,5242,5303,4416,4508,4543,4344,4361,4379,4418,4725,4737,4725,4184,4734,4783,3689,3724,3643,3637,3770,3676,2806,3603,3117,2523,376,41,15,2503,2910,2845,2551,2511,2699
367,4952,469,4855,5183,5242,5303,4416,4505,4543,4344,4361,4379,4418,4725,4737,4724,4184,4734,4784,3688,3724,3643,3637,3770,3676,2806,3604,3117,2521,377,41,15,2503,2910,2846,2552,2510,2698
367,4968,473,4868,5183,5242,5303,4416,4507,4543,4345,4361,4378,4418,4725,4737,4725,4184,4734,4784,3688,3723,3643,3636,3770,3677,2806,3604,3118,2514,377,41,15,2503,2910,2850,2554,2513,2699
367,4976,468,4878,5183,5242,5303,4416,4507,4541,4345,4361,4378,4418,4725,4737,4725,4184,4734,4785,3688,3723,3643,3636,3769,3678,2807,3606,3120,2521,377,41,15,2503,2910,2854,2555,2513,2698
367,4982,468,4886,5183,5242,5303,4416,4505,4542,4345,4361,4379,4418,4724,4738,4725,4184,4734,4783,3688,3723,3643,3636,3769,3678,2807,3607,3121,2517,376,41,15,2504,2910,2850,2556,2512,2697
367,4988,469,4894,5183,5242,5303,4416,4507,4542,4345,4361,4379,4418,4724,4738,4724,4184,4734,4783,3688,3724,3643,3636,3769,3678,2807,3608,3122,2522,377,41,15,2502,2910,2848,2554,2512,2701
367,4992,469,4901,5183,5242,5303,4416,4508,4542,4345,4361,4380,4419,4724,4738,4723,4184,4734,4784,3688,3723,3643,3635,3769,3677,2807,3610,3123,2518,377,41,15,2503,2910,2845,2549,2512,2697
367,4996,470,4917,5183,5242,5303,4416,4506,4542,4346,4361,4380,4419,4724,4738,4723,4184,4734,4785,3688,3723,3644,3635,3769,3677,2808,3612,3124,2515,377,41,15,2501,2910,2843,2552,2514,2698
367,4999,472,4934,5183,5242,5303,4416,4506,4542,4346,4361,4380,4419,4723,4738,4723,4184,4733,4784,3688,3723,3644,3635,3769,3676,2808,3612,3125,2514,377,41,15,2502,2910,2841,2553,2516,2700
367,5000,474,4932,5183,5242,5303,4417,4507,4543,4346,4361,4378,4419,4723,4737,4723,4184,4733,4784,3687,3722,3643,3636,3769,3676,2808,3612,3126,2516,378,41,15,2503,2911,2839,2546,2516,2698
367,4959,474,4931,5183,5242,5303,4417,4507,4543,4346,4361,4378,4419,4723,4736,4723,4184,4735,4785,3687,3722,3645,3635,3769,3675,2808,3612,3127,2520,377,41,15,2504,2911,2841,2552,2514,2699
367,4944,479,4933,5183,5242,5303,4417,4506,4543,4346,4361,4378,4419,4724,4737,4724,4184,4734,4785,3687,3722,3643,3635,3769,3675,2809,3612,3127,2524,378,41,15,2506,2911,2843,2546,2514,2702
367,4916,475,4931,5183,5242,5303,4417,4507,4543,4347,4361,4379,4419,4724,4738,4724,4184,4735,4783,3687,3722,3643,3635,3769,3675,2809,3612,3128,2518,376,41,15,2507,2911,2845,2548,2516,2698
367,4898,473,4918,5183,5242,5303,4417,4505,4543,4347,4361,4379,4419,4725,4738,4724,4184,4733,4785,3687,3722,3644,3635,3769,3674,2809,3612,3129,2513,377,41,15,2507,2911,2846,2551,2514,2698
367,4887,477,4892,5183,5242,5303,4417,4506,4544,4346,4361,4379,4419,4725,4738,4724,4184,4734,4784,3687,3722,3644,3634,3768,3674,2809,3613,3130,2516,378,41,15,2508,2911,2848,2553,2514,2699
367,4850,475,4849,5183,5242,5303,4417,4506,4544,4345,4362,4379,4419,4723,4737,4724,4184,4735,4784,3687,3722,3645,3634,3768,3676,2810,3613,3131,2520,377,41,15,2508,2911,2850,2555,2514,2700
367,4808,473,4798,5183,5243,5303,4417,4507,4544,4345,4362,4380,4419,4725,4738,4724,4184,4734,4787,3687,3722,3645,3634,3768,3674,2810,3613,3131,2523,378,41,15,2507,2911,2851,2546,2517,2701
367,4773,471,4761,5183,5243,5303,4416,4508,4543,4345,4362,4380,4419,4723,4736,4724,4184,4736,4792,3689,3722,3645,3634,3768,3675,2810,3613,3132,2523,379,41,15,2510,2911,2852,2551,2514,2702
367,4755,472,4733,5183,5243,5303,4416,4506,4543,4346,4362,4380,4419,4725,4738,4725,4184,4733,4784,3688,3722,3644,3634,3768,3675,2811,3613,3132,2514,378,41,15,2512,2912,2851,2557,2515,2701
367,4736,471,4723,5183,5243,5304,4416,4506,4543,4347,4362,4380,4419,4725,4737,4725,4184,4735,4784,3687,3722,3643,3634,3768,3675,2808,3613,3133,2532,379,41,15,2512,2914,2854,2548,2516,2701
367,4719,472,4712,5183,5243,5304,4416,4506,4542,4347,4362,4380,4419,4725,4738,4725,4184,4734,4784,3688,3722,3643,3634,3768,3674,2809,3613,3133,2516,379,41,15,2513,2914,2853,2555,2517,2700
367,4711,475,4702,5183,5243,5304,4416,4506,4541,4347,4362,4379,4418,4725,4736,4725,4184,4736,4784,3688,3722,3640,3634,3768,3675,2809,3613,3135,2522,380,41,15,2513,2914,2853,2546,2518,2701
367,4707,470,4694,5183,5243,5304,4415,4505,4543,4347,4362,4378,4417,4725,4737,4725,4184,4735,4785,3687,3721,3642,3634,3768,3674,2809,3614,3137,2518,378,41,15,2514,2914,2852,2557,2519,2701
367,4695,470,4687,5183,5243,5304,4415,4508,4543,4347,4362,4381,4418,4725,4738,4725,4184,4734,4784,3688,3721,3642,3634,3768,3674,2810,3614,3139,2515,379,41,15,2512,2914,2849,2554,2517,2703
367,4692,469,4681,5183,5243,5304,4415,4507,4541,4347,4362,4381,4419,4725,4738,4725,4184,4734,4784,3689,3721,3640,3634,3768,3675,2810,3614,3140,2521,378,41,15,2514,2915,2849,2553,2519,2705
367,4689,470,4674,5183,5243,5304,4415,4507,4543,4347,4362,4382,4419,4725,4737,4726,4184,4735,4783,3688,3721,3642,3634,3768,3676,2810,3614,3139,2522,379,41,15,2514,2915,2848,2550,2517,2703
367,4692,470,4670,5183,5243,5304,4415,4506,4541,4347,4362,4382,4417,4725,4737,4725,4184,4734,4783,3686,3721,3641,3633,3768,3676,2810,3615,3139,2518,378,41,15,2514,2915,2847,2554,2515,2707
367,4693,470,4667,5183,5243,5304,4414,4506,4543,4347,4362,4383,4418,4724,4738,4725,4184,4734,4785,3686,3721,3640,3633,3767,3675,2809,3616,3139,2515,380,41,15,2513,2915,2847,2549,2516,2704
367,4698,463,4667,5183,5243,5304,4415,4505,4542,4347,4362,4381,4419,4724,4737,4725,4184,4734,4783,3686,3721,3641,3633,3767,3675,2810,3616,3139,2520,379,41,15,2513,2915,2852,2552,2518,2703
367,4707,469,4673,5183,5243,5304,4416,4508,4544,4347,4362,4382,4419,4724,4737,4724,4184,4735,4785,3686,3721,3642,3633,3767,3675,2810,3614,3140,2526,380,41,15,2513,2916,2858,2554,2516,2707
367,4714,469,4672,5183,5243,5304,4416,4508,4543,4348,4362,4383,4419,4724,4736,4724,4184,4736,4784,3686,3721,3640,3633,3767,3674,2811,3615,3140,2529,379,41,15,2513,2916,2866,2551,2518,2703
367,4724,468,4672,5183,5243,5304,4417,4508,4541,4348,4362,4381,4418,4724,4738,4723,4184,4734,4784,3686,3721,3640,3633,3767,3674,2810,3615,3141,2532,379,41,15,2513,2916,2871,2557,2517,2705
367,4728,466,4669,5183,5243,5304,4416,4508,4542,4348,4362,4382,4418,4724,4738,4723,4184,4735,4784,3686,3721,3642,3633,3767,3676,2810,3615,3141,2535,379,41,15,2513,2916,2876,2556,2516,2703
367,4733,466,4672,5183,5243,5304,4416,4508,4543,4348,4362,4381,4418,4724,4737,4725,4184,4735,4785,3686,3721,3641,3633,3767,3676,2809,3616,3144,2535,379,41,15,2512,2916,2875,2555,2517,2706
367,4741,468,4670,5183,5243,5304,4414,4508,4543,4348,4361,4381,4418,4724,4737,4725,4184,4734,4783,3686,3721,3640,3633,3767,3676,2809,3619,3146,2531,378,41,15,2512,2916,2870,2554,2517,2705
367,4744,468,4669,5183,5243,5304,4415,4508,4541,4348,4361,4381,4417,4724,4736,4725,4184,4736,4784,3686,3720,3640,3633,3767,3676,2809,3617,3148,2527,379,41,15,2512,2914,2869,2553,2519,2703
367,4752,470,4667,5183,5244,5304,4416,4508,4542,4348,4360,4381,4417,4723,4736,4725,4184,4734,4784,3686,3720,3640,3633,3767,3675,2808,3615,3148,2526,378,41,15,2512,2914,2868,2552,2515,2705
367,4762,471,4670,5183,5244,5304,4417,4508,4543,4348,4360,4382,4417,4723,4738,4725,4184,4736,4785,3685,3720,3640,3633,3767,3675,2810,3614,3147,2532,379,41,15,2512,2915,2868,2551,2519,2704
367,4770,463,4673,5183,5244,5304,4415,4508,4544,4348,4361,4382,4417,4723,4737,4724,4184,4734,4786,3685,3720,3639,3632,3769,3675,2809,3613,3147,2531,379,41,15,2512,2915,2867,2550,2514,2703
367,4777,471,4671,5183,5244,5304,4417,4508,4544,4348,4361,4382,4418,4723,4737,4723,4184,4733,4786,3685,3720,3639,3632,3768,3675,2809,3612,3145,2529,378,41,15,2512,2916,2866,2549,2519,2703
367,4785,465,4668,5183,5244,5304,4417,4508,4544,4348,4362,4383,4418,4723,4738,4725,4184,4734,4787,3685,3722,3639,3632,3769,3675,2809,3612,3143,2528,378,41,15,2512,2916,2865,2548,2517,2704
367,4789,470,4684,5183,5244,5305,4417,4508,4543,4348,4362,4383,4418,4725,4736,4724,4184,4734,4787,3685,3722,3639,3632,3767,3675,2810,3612,3141,2525,380,41,15,2514,2916,2867,2547,2519,2703
367,4796,463,4710,5183,5244,5305,4417,4508,4543,4348,4362,4381,4418,4724,4737,4725,4184,4734,4787,3685,3722,3639,3632,3767,3675,2809,3613,3138,2530,378,41,15,2514,2915,2870,2546,2515,2706
367,4794,461,4711,5183,5244,5305,4417,4508,4543,4348,4361,4382,4419,4723,4737,4724,4184,4734,4788,3685,3722,3639,3633,3766,3674,2808,3613,3139,2532,380,41,15,2513,2916,2869,2555,2515,2704
367,4795,460,4713,5183,5244,5305,4417,4508,4543,4348,4360,4382,4419,4723,4738,4725,4184,4735,4789,3685,3720,3639,3634,3766,3674,2810,3614,3139,2534,378,41,15,2513,2914,2868,2549,2514,2707
367,4792,466,4715,5183,5244,5305,4417,4508,4543,4348,4362,4380,4419,4723,4738,4724,4184,4735,4787,3685,3720,3639,3633,3766,3674,2810,3614,3140,2528,378,41,15,2513,2915,2861,2554,2516,2703
367,4790,463,4716,5183,5244,5305,4417,4508,4543,4349,4362,4380,4418,4723,4737,4725,4184,4735,4785,3685,3720,3639,3632,3766,3674,2809,3611,3140,2531,377,41,15,2513,2915,2857,2556,2515,2703
367,4788,466,4718,5183,5244,5305,4417,4508,4543,4349,4361,4379,4418,4723,4736,4723,4184,4735,4785,3685,3720,3638,3632,3766,3674,2808,3610,3140,2533,378,41,15,2512,2916,2858,2548,2514,2704
367,4794,464,4719,5183,5244,5305,4417,4508,4543,4349,4360,4378,4419,4723,4737,4725,4184,4735,4786,3684,3720,3638,3632,3766,3674,2810,3611,3141,2525,378,41,15,2512,2916,2859,2551,2516,2703
367,4792,466,4721,5183,5244,5304,4417,4508,4542,4349,4362,4378,4418,4723,4736,4724,4184,4736,4787,3684,3720,3638,3632,3766,3673,2808,3613,3142,2528,378,41,15,2512,2915,2859,2554,2514,2704
367,4792,465,4722,5183,5244,5303,4417,4508,4542,4349,4362,4380,4418,4723,4738,4725,4184,4736,4787,3684,3719,3638,3632,3766,3672,2807,3614,3143,2524,377,41,15,2512,2914,2856,2557,2515,2703
367,4793,466,4724,5183,5244,5302,4417,4508,4542,4349,4362,4378,4419,4723,4736,4725,4184,4734,4786,3684,3719,3638,3632,3766,3671,2807,3616,3139,2528,378,41,15,2510,2913,2851,2547,2516,2704
367,4799,464,4726,5183,5244,5302,4417,4508,4542,4349,4362,4379,4419,4723,4738,4725,4184,4734,4787,3684,3719,3638,3631,3766,3672,2807,3614,3137,2532,378,41,15,2511,2913,2851,2552,2515,2701
367,4807,462,4727,5183,5244,5302,4417,4508,4542,4349,4362,4379,4419,4723,4738,4724,4184,4735,4786,3684,3719,3638,3631,3765,3671,2806,3615,3135,2525,378,41,15,2510,2913,2853,2557,2515,2701
367,4814,465,4729,5183,5244,5303,4417,4508,4542,4349,4362,4380,4419,4723,4737,4724,4184,4734,4787,3686,3719,3638,3631,3765,3673,2806,3616,3133,2533,378,41,15,2509,2912,2855,2552,2516,2703
367,4813,467,4730,5183,5245,5303,4417,4508,4542,4349,4362,4380,4418,4723,4738,4724,4184,4736,4786,3685,3719,3637,3631,3765,3671,2806,3615,3132,2531,379,41,15,2510,2912,2858,2548,2514,2704
367,4819,461,4732,5183,5245,5303,4417,4508,4542,4349,4362,4378,4418,4723,4737,4725,4184,4734,4787,3685,3719,3637,3631,3765,3673,2805,3614,3131,2523,380,41,15,2509,2912,2858,2555,2514,2705
367,4824,469,4733,5183,5245,5303,4417,4508,4541,4349,4362,4380,4418,4723,4738,4724,4184,4734,4788,3685,3719,3639,3631,3765,3672,2806,3613,3131,2525,377,41,15,2509,2912,2862,2551,2512,2702
367,4827,470,4734,5183,5245,5303,4417,4508,4543,4349,4362,4381,4417,4723,4737,4725,4184,4736,4785,3684,3719,3639,3631,3765,3673,2807,3612,3132,2521,378,41,15,2509,2911,2859,2556,2513,2701
367,4826,470,4735,5183,5245,5303,4417,4508,4542,4349,4362,4382,4417,4723,4737,4724,4184,4733,4784,3684,3719,3639,3631,3765,3673,2807,3612,3134,2514,378,41,15,2509,2912,2853,2549,2512,2701
367,4832,467,4736,5183,5245,5303,4417,4508,4542,4349,4362,4383,4418,4723,4738,4723,4184,4735,4784,3683,3718,3638,3631,3765,3672,2804,3612,3135,2522,377,41,15,2510,2912,2850,2554,2514,2700
367,4838,465,4737,5183,5245,5303,4417,4508,4542,4349,4362,4381,4419,4723,4737,4723,4184,4735,4783,3683,3718,3638,3630,3765,3671,2804,3613,3136,2517,378,41,15,2510,2911,2851,2548,2512,2701
